MEAN SIGNED ERROR BY HOUR (positive = over-prediction):
      lstm_err  tcn_err  transformer_err  persistence_err
hour                                                     
0         16.0      5.8             18.4             18.3
1         16.9      6.2             17.4              8.2
2         -8.5    -14.0             -7.4             -3.4
3          2.4     -1.3              0.2              6.1
4          4.3      5.7              5.1              0.2
5          2.0      3.7              2.5             -1.4
6          7.4     10.8              7.2             -6.3
7          6.8     18.3             13.5            -15.3
8          0.3     25.9             17.1            -42.4
9         25.5     40.9             47.6            -67.4
10        -5.3      5.1             11.9           -125.1
11        31.3     43.7             44.9           -115.7
12        50.2     75.1             98.4            -74.9
13       -41.3    -18.1             -6.6           -102.9
14       103.9     92.9            118.0             21.8
15        87.2     73.8            100.1            -28.0
16         2.7    -56.0              3.8            -29.3
17        78.2     55.6             88.6             69.3
18        87.9    115.3            118.1            109.3
19        69.4     52.5             84.1            122.3
20       139.9    105.7            153.4            131.7
21        70.1     75.3             87.6             58.1
22        12.4      4.2             20.2             26.6
23        40.1     29.9             45.4             42.9

MEAN SIGNED ERROR BY DAY:
            lstm_err  tcn_err  transformer_err  persistence_err
day                                                            
2013-12-16      21.4     14.4             35.9             -0.3
2013-12-17     -51.1    -79.1            -26.0              0.2
2013-12-18      -0.7      4.1             27.7              0.4
2013-12-19      59.0    101.8             69.7              0.2
2013-12-20      65.7     77.6             67.0              0.1
2013-12-21      91.6     73.3             80.6             -0.9
2013-12-22      47.4     28.7             63.0              1.3
